time,x,y,z,phi,theta,psi,x_velocity,y_velocity,z_velocity,phi_velocity,theta_velocity,psi_velocity,rotor_speed1,rotor_speed2,rotor_speed3,rotor_speed4
0.06,-1.3607951146e-07,2.36631921373e-07,10.0040242545,0.000223856598384,0.000140093517928,0.0,-1.24287090548e-05,2.08194278475e-05,0.134134731665,0.0103078279031,0.00663782637354,0.0,447.8214151945236,448.36088271617655,446.68715457114496,447.5267412941076
0.12000000000000001,-6.14865765828e-06,9.52994832074e-06,10.0184980382,0.000651518992898,0.000650210554464,0.0,-0.000242277365384,0.000352229177126,0.348283283908,-0.000142937314687,0.0119914326036,0.0,471.666381665011,472.07946577120873,472.0640424066265,471.2569591000426
0.18,-4.02536150411e-05,4.66172863092e-05,10.0464498486,0.000403227937825,0.00154962701384,0.0,-0.000993962518966,0.000870142886274,0.583352963565,-0.0136493830555,0.020398740083,0.0,477.26397376609634,477.90500308560934,478.9284837708989,477.9003340585241
0.23999999999999996,-0.000147384577311,0.000107122379067,10.0905546673,0.000429839944099,0.00241769785586,0.0,-0.00272011720879,0.00110637683577,0.886622201557,0.0194826633511,-0.00132714416922,0.0,498.7149503236018,497.1256635107261,496.11715087466575,498.54355664602207
0.3,-0.000359501806383,0.000186770932344,10.1464848012,0.00169968771739,0.00215437420866,0.0,-0.00433386125853,0.00167148549087,0.977641710233,0.0243308713917,-0.0113492447952,0.0,435.7814875065215,434.94312076911575,434.1410294955029,434.54758695665583
0.36000000000000004,-0.000663563326701,0.000329892838308,10.2092120274,0.0031973631011,0.00112373155345,0.0,-0.00571352458414,0.00325764060122,1.11314320465,0.0261929707028,-0.0325936853154,0.0,449.86990283393726,448.1466368709412,448.91191475166625,449.063063303021
0.4200000000000001,-0.00102463326317,0.000607159125736,10.2816982474,0.00505071266458,6.28271925625,0.0,-0.00612013329855,0.00618284472341,1.30286657793,0.0389284423214,-0.0164698259701,0.0,464.98203611384076,466.24316728397935,465.3634522667332,466.35942438892795
0.48000000000000015,-0.00137753784622,0.00109922492693,10.3642867089,0.0069662540874,6.28175515849,0.0,-0.00553712190359,0.0104566864986,1.44990563512,0.0117824343106,-0.0152771296661,0.0,454.1471686694533,454.2429122934267,453.41486223959726,451.22926090856976
0.5400000000000001,-0.00167137490156,0.00189685244019,10.4575775499,0.00719567508288,6.28074352009,0.0,-0.00414416790848,0.0161949143565,1.65950806087,-0.021111764575,-0.0202320774427,0.0,472.37729862762336,471.9951834957939,473.9378021842574,471.4030138818453
0.6000000000000002,-0.00186067545457,0.0030251035257,10.5619913411,0.00579825665113,6.28001846856,0.0,-0.00206284075571,0.0212642756356,1.82070964907,-0.0280477647036,0.00059612964876,0.0,458.17901984834697,459.831908581412,458.40281062421275,457.8513164058085
0.6600000000000003,-0.00191177088981,0.00442806839591,10.6767596028,0.00384070467506,6.28049775092,0.0,0.000325772357255,0.0252936832553,2.00459629792,-0.0438647589726,0.0197234875406,0.0,464.5464674262645,466.04371094106097,467.13494969688503,465.8996082984273
0.7200000000000003,-0.00185183718596,0.00600076324239,10.7957104094,0.00156948133301,6.28145120022,0.0,0.00158489849723,0.0269336004436,1.96050836105,-0.0279460941757,0.00684348691247,0.0,393.32786804897506,392.13321299366436,391.9059389433135,393.3817358804708
0.7800000000000004,-0.0017148748385,0.00764963664993,10.9218860798,6.28285383819,6.28272933591,0.0,0.00285825028632,0.0277986489708,2.24483458928,-0.0404584309887,0.0406784115893,0.0,494.1767734901428,496.66436857915954,495.9433537984496,495.0232627823953
0.8400000000000004,-0.00154321576011,0.00930144223787,11.0600659016,6.27989021351,0.00186183080983,0.0,0.00261503161947,0.0269945320744,2.36092676862,-0.0808487324104,0.0341827516766,0.0,447.3659615945417,446.8374801169205,448.16383869629834,444.86687797507557
0.9000000000000005,-0.00143414915913,0.010832426317,11.2054004777,6.27565619866,0.00392290231645,0.0,0.000804601639785,0.0235666175627,2.48329897233,-0.0554067578421,0.034685891164,0.0,449.22691761722723,449.26818952018135,448.24557492841916,450.30427985560715
0.9600000000000005,-0.00147803827156,0.0120720404794,11.3581432671,6.272340283,0.00593612685565,0.0,-0.00248272040001,0.0174053986006,2.60784793562,-0.0549838702178,0.0311879606367,0.0,450.73718542448916,450.45484736801905,450.3693007797073,450.40149083149856
1.0200000000000005,-0.00176665049383,0.0128623231494,11.5191202702,6.26897995472,0.00813691566063,0.0,-0.00736011055796,0.00857732846845,2.75769744576,-0.0581303266126,0.045865940687,0.0,458.07262396696166,459.2388936392236,459.14049738838315,458.88878058863327
1.0800000000000005,-0.00243565637472,0.0129878991843,11.6931106863,6.2651591062,0.0114775172328,0.0,-0.0153337062679,-0.00484838939038,3.04126323949,-0.0780979907652,0.0703119392208,0.0,498.0533670027605,499.83969604334374,498.7835086837808,497.3205146680916
1.1400000000000006,-0.00362372975207,0.0122848499071,11.879790649,6.26120096295,0.0156785029779,0.0,-0.024718268766,-0.01903781726,3.18100935182,-0.0488499467441,0.0694190809509,0.0,457.7976751881812,457.73020483800485,457.1191990435387,459.44058940861856
1.2000000000000006,-0.00549336435769,0.0106131999462,12.0764891991,6.25836134025,0.0196039367803,0.0,-0.0380644263498,-0.0370052597509,3.37504085253,-0.0444439680335,0.0559191182403,0.0,475.51448078247637,474.4819993139706,474.96709415114856,475.3036916456102
1.2600000000000007,-0.00828217684456,0.0077620027558,12.2862868078,6.25636431912,0.0225593075998,0.0,-0.0552759375031,-0.0582949358927,3.61746192964,-0.0171672112997,0.0305889543395,0.0,490.9157170124156,489.0337115404069,489.41079315419546,491.43637109999014
1.3200000000000007,-0.0119881197237,0.00380511172404,12.5026738495,6.25546551174,0.024192021493,0.0,-0.0684034731424,-0.0736836822458,3.59550117991,-0.0109302978924,0.0194192218847,0.0,410.0906292012448,409.09743437548406,409.53394074210394,410.0884366132815
1.3800000000000008,-0.0165395509058,-0.00112567817335,12.7190522727,6.25488424648,0.0255153974409,0.0,-0.0834220370148,-0.0907296271686,3.61703815646,-0.00731177290092,0.0268675223926,0.0,423.7877970850509,424.42761598552613,424.01692032956186,424.3278057514591
1.4400000000000008,-0.0220445864115,-0.00711853113503,12.9377587323,6.25450927772,0.0272505026596,0.0,-0.100234550321,-0.109065602728,3.67299088238,-0.00420523891447,0.0327328840356,0.0,435.7469830361771,436.23731290804733,434.861997160657,435.12225852266573
1.5000000000000009,-0.0286378666351,-0.0142646306721,13.1614378582,6.25390381793,0.029323720698,0.0,-0.119740546768,-0.129167614268,3.78261338762,-0.0257196695495,0.0379661643176,0.0,452.45514611873,452.87677325988085,453.7529022486298,452.0224502286392
1.560000000000001,-0.0364199774501,-0.0226080609727,13.3908096945,6.25266373763,0.0317729273538,0.0,-0.139889830551,-0.149074904649,3.86283172092,-0.0121092398204,0.0459900427303,0.0,443.6632815046803,444.3224971819417,444.23382067621,445.34852321410796
1.620000000000001,-0.0453364137765,-0.0320481825643,13.6210909482,6.25225000249,0.0351197351059,0.0,-0.157578045645,-0.165645021637,3.81336309571,0.00189710492503,0.0703918144173,0.0,400.6359647864605,402.8510572312759,401.97892012132223,403.246362533814
1.680000000000001,-0.0556566761592,-0.0427317331262,13.8563186882,6.25239813842,0.0394778432841,0.0,-0.186914426963,-0.190434924814,4.0268107062,0.00358882495867,0.0767794348761,0.0,483.68243048005684,484.16687374610945,485.55969738749707,485.68654843934996
1.740000000000001,-0.0677121209287,-0.0547983876402,14.1010894958,6.25262162588,0.0441028413968,0.0,-0.215392716982,-0.211752616038,4.13181712816,0.00399536244415,0.0776838623933,0.0,454.72619875357236,454.80321066916,453.17786874244786,453.2104755394068
1.8000000000000012,-0.0815864633061,-0.0681483492879,14.3524541395,6.2529617643,0.0490229333175,0.0,-0.247566515375,-0.233202682842,4.24655519144,0.00882218990002,0.0894735889333,0.0,458.26542937238906,459.2068621841824,456.66824610033683,457.0530369916837
1.8600000000000012,-0.09732005581,-0.082669655757,14.6071522481,6.25403635483,0.0543293834639,0.0,-0.277350052971,-0.250767889382,4.24336418796,0.0317164079751,0.0862924816696,0.0,421.23998021860524,420.9717520660664,420.28473152508246,422.26453258935544
1.9200000000000013,-0.114996588748,-0.0982547797936,14.8627907869,6.25611085316,0.0598642162574,0.0,-0.3123566596,-0.268548871346,4.27776046017,0.0397527590156,0.102073670685,0.0,433.0978205560438,434.43052207454446,432.99545750510384,433.67160469865814
1.9800000000000013,-0.135107657472,-0.114964787757,15.1241980808,6.25899155822,0.0667010350826,0.0,-0.3586986933,-0.288140940727,4.43516922706,0.0608249405823,0.130799806525,0.0,471.12322779099566,473.3495584351203,470.8805006760889,472.50913691277566
2.0400000000000014,-0.158001236826,-0.132727062111,15.3927305324,6.26254527209,0.0749562318142,0.0,-0.405198752023,-0.303571216684,4.51553784984,0.0558292834882,0.148527886484,0.0,449.72396990487715,451.17478553283854,449.5003046903368,449.0976542179453
2.1000000000000014,-0.183776614113,-0.151324537645,15.6650497433,6.26591434861,0.0847427341201,0.0,-0.454853234411,-0.316025966912,4.56150768849,0.0567873496351,0.182577560463,0.0,438.05666079805576,440.9039186901243,440.1516943730936,440.23316039983325
2.1600000000000015,-0.212482298367,-0.170558757697,15.9373381153,6.26960194423,0.0956826814866,0.0,-0.502896936973,-0.324832824317,4.51486643124,0.0694624212555,0.181838452775,0.0,410.5777885584697,410.5473867784475,408.5203112299774,409.65212841650606
2.2200000000000015,-0.244532055566,-0.190296595216,16.2097087463,6.27403276405,0.106310309117,0.0,-0.566426220824,-0.332686971141,4.56384034737,0.0814201169074,0.16549458879,0.0,441.5195847357601,440.1992676277731,441.0894749370684,442.08023360614783
2.2800000000000016,-0.280532397291,-0.210414137863,16.4844357315,6.27921270361,0.116036681821,0.0,-0.634470907648,-0.337437048314,4.59348447,0.0946845750856,0.154294119978,0.0,436.56706556461046,435.65687635526166,434.72453441918117,435.8409623920732
2.3400000000000016,-0.320540742232,-0.230712572658,16.7587821405,0.00156242954501,0.125416759161,0.0,-0.69991325614,-0.338726671485,4.55144629217,0.0868785286116,0.160127029335,0.0,411.83898464172654,412.379838843023,413.0767602866689,412.3955867236343
2.4000000000000017,-0.364980811702,-0.250992663515,17.0333260419,0.00697340586559,0.135059304207,0.0,-0.782302083872,-0.336778981732,4.59966569593,0.0960816037212,0.161847004549,0.0,443.05840402061085,443.2244366220192,440.7416803101632,441.50856887219754
2.4600000000000017,-0.414321240425,-0.271064870748,17.309083734,0.0126981499366,0.144571445733,0.0,-0.863207718214,-0.331804474415,4.59212458281,0.0940403066294,0.150929388763,0.0,426.705240696661,425.7970312636913,423.3184906122768,423.1510220147243
2.520000000000002,-0.469376523311,-0.29067423036,17.5890910702,0.0190258267293,0.153642085469,0.0,-0.972862861507,-0.321195416669,4.74063107434,0.121845311325,0.151668047068,0.0,473.96579649648913,474.0425203320376,473.2373993960242,475.38163475614965
2.580000000000002,-0.53085776755,-0.309548659254,17.8757089973,0.0259587132887,0.162723807768,0.0,-1.07734890818,-0.30726522136,4.81277752969,0.0983793754628,0.150743674004,0.0,452.7164340832281,452.6631570961146,453.2807164841035,451.40216079687514
2.640000000000002,-0.598477549413,-0.32750728896,18.164742851,0.031700799664,0.172246373972,0.0,-1.17745632769,-0.290849162447,4.82142128406,0.0897259318918,0.171152193199,0.0,432.72210666711294,434.4611457274525,433.37061806599644,432.6505787215975
2.700000000000002,-0.672490993191,-0.344341738368,18.4554633166,0.0371209166212,0.182866167339,0.0,-1.29059994783,-0.269807198339,4.86877496019,0.0915261244462,0.186664675396,0.0,446.4721638827771,447.76590858652855,445.6696030935648,445.82353989551837
2.760000000000002,-0.753881458045,-0.359733642479,18.7510205141,0.0427856323559,0.194106586595,0.0,-1.42347736101,-0.242708726669,4.98228164802,0.0996319816963,0.188656461922,0.0,467.980844278273,468.1680128731463,467.8493063727002,468.48711854770926
2.820000000000002,-0.844509238825,-0.373153662966,19.0584907693,0.0482044290124,0.205616658679,0.0,-1.5986483927,-0.203946554094,5.26497148093,0.0553664879506,0.19752566998,0.0,519.3105805590482,519.9623292948612,519.5962224210084,516.4882294998836
2.880000000000002,-0.944315801649,-0.384501495877,19.3750976855,0.0515683463038,0.217156388532,0.0,-1.72925663025,-0.174033803486,5.28808699434,0.0574269522601,0.179137099097,0.0,445.84573239752984,444.376242456791,445.13198070494866,445.3027185201132
2.940000000000002,-1.05255891306,-0.393902924425,19.6947882452,0.0552647695522,0.227687422004,0.0,-1.87979369544,-0.139032631545,5.36745177843,0.0688722131511,0.167077256066,0.0,465.10407597088374,464.18653531611585,462.97609816630825,463.87839486285844
3.000000000000002,-1.16967760368,-0.401218474793,20.0176118995,0.0595065449158,0.237761823424,0.0,-2.02502452592,-0.104466406446,5.39278359937,0.0741135430688,0.169513806542,0.0,448.4695914298082,448.6941701494107,448.584782301085,449.01403328828354
3.0600000000000023,-1.29705623167,-0.406048565648,20.3474441298,0.0641278699971,0.247701989684,0.0,-2.22183188913,-0.0560948807302,5.60003264275,0.0822802115625,0.156603535351,0.0,506.2589623412169,505.35149753809816,503.969425557783,504.5633590085847
3.1200000000000023,-1.4345170022,-0.408368997279,20.6819430435,0.06873043829,0.256940138179,0.0,-2.36097554421,-0.0208790008323,5.54973792565,0.062223515138,0.148105848687,0.0,428.2421056505941,427.5418621018957,429.5189261723367,427.8189665648961
3.1800000000000024,-1.58020462158,-0.408580419716,21.0123386851,0.0722033590239,0.265801832605,0.0,-2.4960279367,0.0141051526445,5.4634426161,0.0473628423124,0.146861131268,0.0,416.5101580931526,416.4233224924662,416.85105472614725,415.5526404992722
3.2400000000000024,-1.73476879602,-0.406477160688,21.3398173005,0.0751114473479,0.274523149032,0.0,-2.65684515427,0.056221710405,5.45206081519,0.0505911538489,0.142163420214,0.0,442.13218174472564,441.76477550048185,441.6183791581121,441.8860929309028
3.3000000000000025,-1.89777154934,-0.402164081811,21.6617432319,0.0780595087763,0.283337621679,0.0,-2.77733690869,0.087769143726,5.27922598415,0.0460499758794,0.155010862266,0.0,385.0208945240096,386.25843650517373,386.31431802926215,385.88765992141106
3.3600000000000025,-2.06923912502,-0.39562577424,21.9770500169,0.0806028259185,0.292420246087,0.0,-2.93902241128,0.130368053939,5.23068385977,0.03382222507,0.142896686989,0.0,429.9173037566541,428.9117942536477,430.37639942286484,429.34101466315104
3.4200000000000026,-2.25221734974,-0.386052669447,22.2948342567,0.0834852595975,0.301018707119,0.0,-3.16092363145,0.188903687758,5.36079186406,0.0671913782463,0.144116324482,0.0,488.1618681840237,488.2700217146691,485.7758526528318,488.27314894975285
3.4800000000000026,-2.44654009337,-0.373487437076,22.6134339295,0.0876308486943,0.309635737084,0.0,-3.31725194859,0.230231338619,5.25912579334,0.0726467755036,0.142600915718,0.0,414.3231376341672,414.2107482154735,415.06077226555277,415.5433593128839
3.5400000000000027,-2.65213899939,-0.357902692266,22.9313198249,0.0916998064056,0.317946632191,0.0,-3.53670303227,0.289582624862,5.33593711656,0.0557928102573,0.128756036424,0.0,474.95968035707733,473.9128224105466,475.0255383037409,473.7341789926199
3.6000000000000028,-2.8717350089,-0.338502894082,23.2557030105,0.0952795935838,0.32563072922,0.0,-3.78369634897,0.357315428734,5.47530679119,0.0664535968596,0.126657537294,0.0,496.46342504920216,496.3225004377193,494.9732310174627,495.75939584227524
3.660000000000003,-3.10381478882,-0.315677259277,23.5809714929,0.0993351240974,0.33355605389,0.0,-3.95300725871,0.403820128292,5.36687401522,0.0697762002273,0.141182542575,0.0,417.7787483424822,419.0606664354666,418.4072761469253,418.7002482714671
3.720000000000003,-3.34596642263,-0.290071382823,23.8990382229,0.103381785396,0.341907498687,0.0,-4.11948471219,0.449990340589,5.23532657101,0.0623199001242,0.134881089473,0.0,410.4041280160863,409.86403068727407,411.1388144741378,410.4812837298435
3.780000000000003,-3.59994746841,-0.261150981568,24.2138947128,0.107013196008,0.350159259646,0.0,-4.34718761609,0.514257968716,5.25889409934,0.0566660093965,0.142354778499,0.0,463.24211744988224,463.84617146417924,464.2416179685575,463.8001010727079
3.840000000000003,-3.86556446113,-0.228961260098,24.524116458,0.110702606347,0.358548572,0.0,-4.50753294077,0.558972133142,5.08200672027,0.069715454383,0.13420946722,0.0,396.5226936735883,395.79423501133465,395.1851829978589,396.38971565603754
3.900000000000003,-4.14205889224,-0.193714431896,24.8266398922,0.115125659636,0.36674275304,0.0,-4.70966933077,0.616199706629,5.00165349657,0.0807102527107,0.140910851721,0.0,430.2863673468785,430.8713140506993,430.6813339240044,431.61486264377066
3.960000000000003,-4.43064784615,-0.155029665647,25.1237785321,0.119900604751,0.375329183657,0.0,-4.91072777698,0.673597449986,4.90256089083,0.0772270825692,0.147168560826,0.0,425.33231258213016,425.8880891325837,425.2801334044333,424.98699898396507
4.020000000000002,-4.73265946152,-0.112475377588,25.4179002999,0.124350111086,0.384419504688,0.0,-5.15703026496,0.745146137111,4.90041659394,0.0671844698145,0.159002109911,0.0,459.2663155986529,460.22479685458904,460.09115369252356,459.2992518814705
4.080000000000001,-5.04960251922,-0.0655766686338,25.7116893113,0.128089751273,0.39363665749,0.0,-5.40847026178,0.81834039536,4.89142985227,0.0502198775368,0.139795506233,0.0,460.50299301338237,459.0020133819749,460.7592962903432,459.4184361189568
4.14,-5.38246481781,-0.0140400080684,26.0063568472,0.130521801851,0.402377733224,0.0,-5.68754395425,0.899632241628,4.9293799932,0.000894491689299,0.155416793954,0.0,478.3997580663499,479.60598361242194,478.33775827896784,474.5663436856174
4.199999999999998,-5.73137556127,0.0421193675796,26.3010995231,0.130736147322,0.411887319877,0.0,-5.94355388021,0.972212516157,4.89432827138,0.00845257901854,0.164021224671,0.0,457.16121174897097,457.8694369334749,455.9307760326741,456.5343214358632
4.259999999999997,-6.09598288402,0.102662904938,26.5939385533,0.131294043352,0.421828099809,0.0,-6.21077474969,1.0457828437,4.86577978132,0.010938180886,0.168801703729,0.0,461.2733862086647,461.67591399714325,461.4584346554514,461.6545258249623
4.319999999999996,-6.47753604552,0.167816777458,26.8864899623,0.131960263255,0.431672730469,0.0,-6.50834241263,1.12584799286,4.88432495881,0.011432596475,0.152401614844,0.0,480.0678334687614,478.8448318287788,480.12503856257194,480.16242212974566
4.379999999999995,-6.87550106425,0.237293327435,27.1764588292,0.132545004075,0.440554432805,0.0,-6.75794636335,1.1899650831,4.78052442004,0.00613823662297,0.137424896171,0.0,442.57882090412033,441.3646159972432,442.0566739813662,441.6199386551823
4.439999999999993,-7.28953383423,0.310861683783,27.4620003888,0.132757668426,0.448932224044,0.0,-7.04378588799,1.26215696195,4.73630412795,-0.00222673511621,0.143706177165,0.0,464.9406217127198,465.44972946211465,463.8647004154521,463.20710087718857
4.499999999999992,-7.72170352313,0.388960355815,27.7463904187,0.132628386017,0.457727259695,0.0,-7.36242626068,1.34087530581,4.74168148761,-0.0020110263653,0.151788555464,0.0,483.31300599016276,483.940100485221,483.7044498002901,483.7207442378637
4.559999999999991,-8.17118777317,0.471217200338,28.0269151733,0.13291252789,0.46683448428,0.0,-7.62121761794,1.40089962728,4.60835865582,0.015634962918,0.151784121963,0.0,439.74304125723455,439.76464443368,439.5275665695138,440.98800253491476
4.6199999999999894,-8.63573628813,0.556889442367,28.2980381454,0.133674238446,0.475457456541,0.0,-7.86465716568,1.45480123789,4.42855389673,0.00605015685035,0.118216521968,0.0,426.1369661039242,423.276398069724,425.49536849117146,424.6736327777299
4.679999999999988,-9.11589709864,0.645998718725,28.5598511146,0.134884351671,0.482227462345,0.0,-8.14144609946,1.51542990651,4.2977090579,0.0392299162216,0.0990022417504,0.0,445.22300548402205,443.6588012053353,442.4470708912967,445.17125878985985
4.739999999999987,-9.61262227138,0.738689659676,28.8132841727,0.136987839681,0.488061929766,0.0,-8.41681079503,1.57429131148,4.1493282966,0.0250382266739,0.0934663566665,0.0,440.2278845511618,439.77761041365216,440.155942746595,438.9800283587719
4.799999999999986,-10.126982626,0.835159618458,29.0594529609,0.138839095031,0.4936997471,0.0,-8.72913379387,1.64130822435,4.0551218207,0.0404938916075,0.0949393447097,0.0,460.23437169012146,460.3581186553624,460.96926856679886,462.1896382923932
4.859999999999984,-10.6584929638,0.935200979871,29.296584298,0.142058218984,0.499169731105,0.0,-8.98880523703,1.69347938887,3.84881370213,0.0717957733182,0.0822940301807,0.0,423.3794848567032,422.2970974223352,421.5760552156585,424.27493434739296
4.919999999999983,-11.2062913598,1.03852985876,29.522186898,0.146216898155,0.504319275787,0.0,-9.27198132526,1.75094644959,3.67056274935,0.0638143382964,0.0920858077033,0.0,434.6518434021862,435.47815975745965,434.6068396965702,433.9408778154377
4.979999999999982,-11.7706116617,1.14515950064,29.7357966906,0.149755228777,0.510346346045,0.0,-9.53969924095,1.80346943961,3.44924620842,0.0469119119083,0.113388802501,0.0,418.72021824417897,420.5791796406176,421.4837705547678,420.02249565304726
5.0399999999999805,-12.3529609117,1.25542266298,29.9391108524,0.152590458084,0.517486655738,0.0,-9.8726957937,1.87191252793,3.32646703209,0.0479288038824,0.128360391374,0.0,457.26701668898573,458.47064720331036,458.7652071366939,458.84723135214614
